0 0.060724 0.060724 0.100775 0.100775
0 0.166667 0.059432 0.105943 0.108527
0 0.272610 0.058140 0.111111 0.105943
0 0.604651 0.058140 0.113695 0.105943
0 0.720930 0.060724 0.113695 0.105943
0 0.939276 0.059432 0.105943 0.103359
0 0.934109 0.167959 0.105943 0.103359
0 0.719638 0.170543 0.105943 0.103359
0 0.603359 0.170543 0.105943 0.103359
0 0.275194 0.167959 0.105943 0.108527
0 0.490956 0.054264 0.108527 0.103359
0 0.494832 0.167959 0.105943 0.103359
0 0.386305 0.170543 0.105943 0.103359
0 0.166667 0.167959 0.105943 0.108527
0 0.058140 0.276486 0.105943 0.108527
0 0.166667 0.276486 0.105943 0.108527
0 0.275194 0.279070 0.105943 0.108527
0 0.381137 0.271318 0.105943 0.108527
0 0.605943 0.279070 0.105943 0.108527
0 0.719638 0.276486 0.105943 0.108527
0 0.828165 0.276486 0.105943 0.108527
0 0.936693 0.276486 0.105943 0.108527
0 0.060724 0.387597 0.105943 0.108527
0 0.272610 0.387597 0.105943 0.108527
0 0.388889 0.385013 0.111111 0.108527
0 0.608527 0.390181 0.111111 0.108527
0 0.717054 0.387597 0.111111 0.108527
0 0.828165 0.390181 0.111111 0.108527
0 0.718346 0.498708 0.108527 0.108527
0 0.934109 0.490956 0.111111 0.108527
0 0.609819 0.496124 0.108527 0.108527
0 0.501292 0.498708 0.108527 0.108527
0 0.273902 0.497416 0.108527 0.105943
0 0.385013 0.493540 0.108527 0.108527
0 0.166667 0.497416 0.111111 0.105943
0 0.056848 0.500000 0.108527 0.105943
0 0.056848 0.605943 0.108527 0.105943
0 0.165375 0.605943 0.108527 0.105943
0 0.829457 0.608527 0.108527 0.105943
0 0.829457 0.720930 0.113695 0.113695
0 0.718346 0.720930 0.113695 0.113695
0 0.607235 0.723514 0.113695 0.113695
0 0.496124 0.723514 0.113695 0.113695
0 0.167959 0.718346 0.113695 0.113695
0 0.059432 0.720930 0.113695 0.113695
0 0.058140 0.829457 0.111111 0.113695
0 0.390181 0.832041 0.113695 0.113695
0 0.607235 0.832041 0.113695 0.113695
0 0.718346 0.829457 0.113695 0.113695
0 0.937984 0.829457 0.113695 0.113695
0 0.937984 0.935401 0.113695 0.113695
0 0.829457 0.937984 0.113695 0.113695
0 0.723514 0.937984 0.113695 0.113695
0 0.608527 0.935401 0.116279 0.113695
0 0.391473 0.936693 0.105943 0.105943
0 0.277778 0.936693 0.105943 0.105943
1 0.388889 0.056848 0.100775 0.108527
1 0.277778 0.607235 0.105943 0.103359
1 0.055556 0.937984 0.105943 0.103359
1 0.936693 0.387597 0.105943 0.103359
2 0.498708 0.276486 0.108527 0.113695
2 0.390181 0.719638 0.103359 0.105943
3 0.937984 0.603359 0.108527 0.111111
3 0.165375 0.936693 0.108527 0.111111
3 0.829457 0.166667 0.108527 0.111111
4 0.609819 0.608527 0.108527 0.111111
4 0.496124 0.830749 0.108527 0.111111
4 0.935401 0.717054 0.108527 0.111111
5 0.062016 0.166667 0.103359 0.105943
5 0.496124 0.605943 0.103359 0.105943
5 0.279070 0.717054 0.103359 0.105943
5 0.826873 0.830749 0.103359 0.105943
6 0.166667 0.386305 0.105943 0.111111
7 0.832041 0.056848 0.108527 0.108527
7 0.496124 0.387597 0.108527 0.108527
7 0.718346 0.607235 0.108527 0.108527
7 0.167959 0.826873 0.108527 0.108527
8 0.388889 0.605943 0.111111 0.111111
8 0.497416 0.939276 0.111111 0.111111
8 0.277778 0.826873 0.111111 0.108527
8 0.825581 0.493540 0.111111 0.108527
