0 0.260549 0.180380 0.078059 0.078059
0 0.336498 0.184599 0.078059 0.078059
0 0.422996 0.182489 0.078059 0.078059
0 0.496835 0.183544 0.082278 0.080169
0 0.659283 0.183544 0.082278 0.080169
0 0.741561 0.183544 0.082278 0.080169
0 0.657173 0.261603 0.082278 0.080169
0 0.581224 0.263713 0.082278 0.080169
0 0.496835 0.262658 0.073840 0.082278
0 0.181435 0.261603 0.075949 0.084388
0 0.261603 0.337553 0.075949 0.084388
0 0.336498 0.340717 0.082278 0.086498
0 0.422996 0.338608 0.082278 0.086498
0 0.572785 0.336498 0.082278 0.086498
0 0.737342 0.340717 0.078059 0.078059
0 0.738397 0.422996 0.080169 0.082278
0 0.577004 0.418776 0.073840 0.082278
0 0.501055 0.422996 0.078059 0.078059
0 0.420886 0.422996 0.078059 0.078059
0 0.182489 0.494726 0.078059 0.078059
0 0.338608 0.498945 0.078059 0.078059
0 0.420886 0.501055 0.078059 0.078059
0 0.501055 0.498945 0.078059 0.078059
0 0.577004 0.498945 0.078059 0.078059
0 0.659283 0.503165 0.078059 0.078059
0 0.813291 0.501055 0.078059 0.078059
0 0.572785 0.577004 0.078059 0.078059
0 0.496835 0.577004 0.078059 0.078059
0 0.418776 0.577004 0.078059 0.078059
0 0.260549 0.579114 0.078059 0.078059
0 0.260549 0.661392 0.078059 0.078059
0 0.421941 0.660338 0.084388 0.075949
0 0.575949 0.660338 0.084388 0.075949
0 0.656118 0.658228 0.084388 0.075949
0 0.738397 0.662447 0.084388 0.075949
0 0.810127 0.734177 0.084388 0.075949
0 0.502110 0.738397 0.084388 0.075949
0 0.416667 0.738397 0.078059 0.075949
0 0.336498 0.740506 0.078059 0.075949
0 0.258439 0.812236 0.078059 0.075949
0 0.336498 0.814346 0.078059 0.075949
0 0.496835 0.814346 0.078059 0.075949
0 0.577004 0.812236 0.078059 0.075949
0 0.661392 0.810127 0.078059 0.075949
0 0.737342 0.812236 0.078059 0.075949
1 0.339662 0.418776 0.080169 0.073840
1 0.740506 0.262658 0.080169 0.073840
1 0.497890 0.659283 0.080169 0.073840
1 0.181435 0.817511 0.080169 0.073840
2 0.182489 0.658228 0.073840 0.084388
2 0.815401 0.575949 0.073840 0.084388
2 0.737342 0.734177 0.073840 0.084388
2 0.258439 0.500000 0.073840 0.084388
3 0.259494 0.419831 0.075949 0.080169
3 0.419831 0.814346 0.075949 0.080169
3 0.657173 0.339662 0.078059 0.080169
3 0.183544 0.738397 0.075949 0.080169
4 0.738397 0.579114 0.080169 0.078059
4 0.817511 0.183544 0.078059 0.075949
5 0.181435 0.339662 0.075949 0.071730
5 0.419831 0.259494 0.075949 0.071730
5 0.816456 0.417722 0.075949 0.071730
6 0.182489 0.181435 0.078059 0.075949
6 0.817511 0.265823 0.078059 0.075949
6 0.498945 0.342827 0.078059 0.082278
6 0.737342 0.498945 0.078059 0.082278
6 0.340717 0.657173 0.078059 0.082278
6 0.577004 0.736287 0.073840 0.080169
7 0.261603 0.260549 0.080169 0.078059
7 0.658228 0.579114 0.080169 0.082278
7 0.182489 0.421941 0.078059 0.084388
7 0.815401 0.656118 0.078059 0.084388
8 0.338608 0.258439 0.082278 0.078059
8 0.815401 0.338608 0.082278 0.078059
8 0.655063 0.735232 0.082278 0.078059
8 0.182489 0.577004 0.082278 0.078059
8 0.579114 0.180380 0.082278 0.078059
9 0.260549 0.736287 0.078059 0.075949
9 0.815401 0.816456 0.078059 0.075949
9 0.661392 0.421941 0.078059 0.075949
9 0.338608 0.580169 0.078059 0.075949
