0 0.184599 0.182489 0.078059 0.078059
0 0.338608 0.184599 0.078059 0.078059
0 0.416667 0.184599 0.078059 0.078059
0 0.577004 0.182489 0.078059 0.078059
0 0.657173 0.180380 0.078059 0.078059
0 0.811181 0.264768 0.078059 0.078059
0 0.579114 0.264768 0.078059 0.078059
0 0.501055 0.262658 0.078059 0.078059
0 0.420886 0.262658 0.073840 0.082278
0 0.338608 0.262658 0.078059 0.078059
0 0.184599 0.261603 0.082278 0.084388
0 0.256329 0.343882 0.082278 0.084388
0 0.338608 0.337553 0.082278 0.084388
0 0.494726 0.341772 0.082278 0.084388
0 0.579114 0.337553 0.082278 0.084388
0 0.813291 0.419831 0.082278 0.084388
0 0.733122 0.421941 0.082278 0.084388
0 0.659283 0.424051 0.082278 0.084388
0 0.420886 0.424051 0.082278 0.084388
0 0.179325 0.419831 0.080169 0.080169
0 0.337553 0.497890 0.080169 0.080169
0 0.335443 0.573840 0.080169 0.080169
0 0.265823 0.575949 0.080169 0.080169
0 0.181435 0.573840 0.080169 0.080169
0 0.421941 0.497890 0.084388 0.075949
0 0.498945 0.497890 0.082278 0.080169
0 0.583333 0.500000 0.082278 0.080169
0 0.661392 0.497890 0.082278 0.080169
0 0.813291 0.575949 0.082278 0.080169
0 0.577004 0.575949 0.082278 0.080169
0 0.420886 0.662447 0.082278 0.080169
0 0.496835 0.661392 0.086498 0.078059
0 0.657173 0.661392 0.086498 0.078059
0 0.735232 0.659283 0.086498 0.078059
0 0.811181 0.737342 0.086498 0.078059
0 0.657173 0.739451 0.086498 0.078059
0 0.574895 0.737342 0.086498 0.078059
0 0.496835 0.739451 0.086498 0.078059
0 0.413502 0.735232 0.088608 0.082278
0 0.179325 0.739451 0.088608 0.082278
0 0.337553 0.811181 0.088608 0.082278
0 0.413502 0.815401 0.088608 0.082278
0 0.573840 0.815401 0.088608 0.082278
0 0.656118 0.815401 0.080169 0.078059
0 0.810127 0.815401 0.080169 0.078059
1 0.261603 0.500000 0.088608 0.075949
1 0.736287 0.337553 0.088608 0.075949
1 0.421941 0.578059 0.088608 0.075949
2 0.498945 0.183544 0.082278 0.075949
2 0.577004 0.656118 0.082278 0.075949
2 0.176160 0.337553 0.082278 0.075949
3 0.498945 0.577004 0.078059 0.082278
3 0.258439 0.813291 0.078059 0.082278
4 0.738397 0.185654 0.075949 0.084388
4 0.658228 0.578059 0.075949 0.084388
4 0.339662 0.421941 0.075949 0.084388
4 0.185654 0.814346 0.075949 0.084388
5 0.815401 0.337553 0.078059 0.075949
5 0.735232 0.497890 0.078059 0.075949
5 0.264768 0.734177 0.078059 0.075949
6 0.259494 0.262658 0.075949 0.082278
6 0.815401 0.184599 0.082278 0.082278
6 0.733122 0.733122 0.082278 0.082278
7 0.259494 0.421941 0.080169 0.080169
7 0.654008 0.257384 0.080169 0.080169
7 0.415612 0.339662 0.080169 0.080169
7 0.738397 0.575949 0.080169 0.080169
7 0.814346 0.656118 0.080169 0.080169
7 0.337553 0.734177 0.080169 0.080169
7 0.493671 0.816456 0.080169 0.080169
8 0.736287 0.260549 0.080169 0.078059
8 0.814346 0.496835 0.080169 0.078059
8 0.257384 0.657173 0.080169 0.078059
8 0.497890 0.418776 0.080169 0.078059
9 0.261603 0.181435 0.075949 0.080169
9 0.575949 0.419831 0.075949 0.080169
9 0.658228 0.337553 0.075949 0.080169
9 0.736287 0.818565 0.075949 0.080169
9 0.339662 0.656118 0.075949 0.080169
9 0.179325 0.498945 0.080169 0.073840
6 0.181435 0.657173 0.080169 0.078059
