0 0.165612 0.059072 0.111814 0.097046
0 0.606540 0.059072 0.111814 0.097046
0 0.720464 0.059072 0.111814 0.097046
0 0.937764 0.164557 0.103376 0.109705
0 0.832278 0.164557 0.103376 0.109705
0 0.606540 0.162447 0.103376 0.109705
0 0.498945 0.162447 0.103376 0.109705
0 0.273207 0.162447 0.103376 0.109705
0 0.165612 0.162447 0.103376 0.109705
0 0.060127 0.274262 0.103376 0.109705
0 0.273207 0.274262 0.103376 0.109705
0 0.389241 0.272152 0.103376 0.109705
0 0.606540 0.272152 0.103376 0.109705
0 0.720464 0.274262 0.103376 0.109705
0 0.830169 0.272152 0.103376 0.109705
0 0.720464 0.390295 0.103376 0.109705
0 0.496835 0.388186 0.103376 0.109705
0 0.271097 0.386076 0.103376 0.109705
0 0.163502 0.388186 0.103376 0.109705
0 0.056962 0.387131 0.101266 0.111814
0 0.162447 0.496835 0.101266 0.111814
0 0.386076 0.496835 0.101266 0.111814
0 0.493671 0.498945 0.101266 0.111814
0 0.607595 0.496835 0.101266 0.111814
0 0.833333 0.498945 0.101266 0.111814
0 0.934599 0.606540 0.101266 0.111814
0 0.833333 0.606540 0.101266 0.111814
0 0.721519 0.606540 0.101266 0.111814
0 0.495781 0.606540 0.101266 0.111814
0 0.272152 0.604430 0.101266 0.111814
0 0.158228 0.722574 0.101266 0.111814
0 0.276371 0.722574 0.101266 0.111814
0 0.394515 0.720464 0.101266 0.111814
0 0.605485 0.720464 0.101266 0.111814
0 0.719409 0.722574 0.101266 0.111814
0 0.934599 0.722574 0.101266 0.111814
0 0.831224 0.832278 0.101266 0.111814
0 0.721519 0.828059 0.101266 0.111814
0 0.495781 0.832278 0.101266 0.111814
0 0.386076 0.830169 0.101266 0.111814
0 0.164557 0.830169 0.101266 0.111814
0 0.056962 0.832278 0.101266 0.111814
0 0.272152 0.937764 0.101266 0.111814
0 0.390295 0.937764 0.101266 0.111814
0 0.833333 0.937764 0.101266 0.111814
1 0.276371 0.059072 0.101266 0.097046
1 0.387131 0.389241 0.103376 0.094937
1 0.058017 0.498945 0.103376 0.094937
1 0.607595 0.830169 0.101266 0.103376
1 0.725738 0.937764 0.101266 0.103376
2 0.390295 0.056962 0.105485 0.105485
2 0.056962 0.166667 0.105485 0.105485
2 0.940928 0.390295 0.105485 0.105485
2 0.497890 0.719409 0.105485 0.105485
3 0.391350 0.165612 0.107595 0.116034
3 0.606540 0.385021 0.107595 0.116034
3 0.941983 0.496835 0.107595 0.116034
3 0.161392 0.610759 0.107595 0.116034
3 0.830169 0.722574 0.107595 0.116034
4 0.060127 0.059072 0.103376 0.101266
4 0.726793 0.498945 0.107595 0.103376
4 0.941983 0.834388 0.107595 0.103376
5 0.938819 0.059072 0.101266 0.097046
5 0.272152 0.502110 0.101266 0.097046
5 0.605485 0.938819 0.101266 0.097046
6 0.940928 0.274262 0.105485 0.109705
6 0.386076 0.607595 0.105485 0.109705
6 0.831224 0.386076 0.105485 0.109705
6 0.500000 0.940928 0.105485 0.109705
6 0.059072 0.723629 0.105485 0.109705
7 0.720464 0.162447 0.111814 0.113924
7 0.498945 0.274262 0.111814 0.113924
7 0.604430 0.609705 0.111814 0.113924
7 0.058017 0.938819 0.111814 0.113924
8 0.496835 0.059072 0.107595 0.101266
8 0.167722 0.943038 0.107595 0.101266
9 0.832278 0.060127 0.107595 0.099156
9 0.939873 0.941983 0.107595 0.099156
9 0.054852 0.612869 0.105485 0.099156
9 0.275316 0.828059 0.107595 0.099156
9 0.163502 0.277426 0.107595 0.099156
