0 0.277426 0.056962 0.103376 0.105485
0 0.389241 0.056962 0.103376 0.105485
0 0.608650 0.054852 0.103376 0.105485
0 0.718354 0.054852 0.103376 0.105485
0 0.832278 0.056962 0.103376 0.105485
0 0.941983 0.054852 0.103376 0.105485
0 0.941983 0.166667 0.103376 0.105485
0 0.832278 0.166667 0.103376 0.105485
0 0.722574 0.168776 0.103376 0.105485
0 0.275316 0.166667 0.103376 0.105485
0 0.163502 0.168776 0.103376 0.105485
0 0.053797 0.278481 0.103376 0.105485
0 0.387131 0.276371 0.103376 0.105485
0 0.496835 0.276371 0.103376 0.105485
0 0.610759 0.274262 0.103376 0.105485
0 0.718354 0.274262 0.107595 0.109705
0 0.937764 0.276371 0.107595 0.109705
0 0.165612 0.388186 0.107595 0.109705
0 0.275316 0.390295 0.107595 0.109705
0 0.387131 0.388186 0.107595 0.109705
0 0.608650 0.390295 0.107595 0.109705
0 0.726793 0.392405 0.107595 0.109705
0 0.834388 0.388186 0.107595 0.109705
0 0.832278 0.500000 0.107595 0.109705
0 0.724684 0.500000 0.107595 0.109705
0 0.494726 0.504219 0.107595 0.109705
0 0.277426 0.500000 0.107595 0.109705
0 0.167722 0.497890 0.107595 0.109705
0 0.167722 0.605485 0.107595 0.109705
0 0.273207 0.609705 0.107595 0.109705
0 0.389241 0.609705 0.107595 0.109705
0 0.610759 0.609705 0.107595 0.109705
0 0.716245 0.611814 0.107595 0.109705
0 0.830169 0.611814 0.107595 0.109705
0 0.939873 0.721519 0.107595 0.109705
0 0.608650 0.721519 0.107595 0.109705
0 0.496835 0.721519 0.107595 0.109705
0 0.389241 0.719409 0.107595 0.109705
0 0.273207 0.719409 0.107595 0.109705
0 0.054852 0.721519 0.105485 0.109705
0 0.054852 0.829114 0.105485 0.109705
0 0.169831 0.833333 0.107595 0.109705
0 0.279536 0.829114 0.107595 0.109705
0 0.722574 0.829114 0.107595 0.109705
0 0.836498 0.835443 0.107595 0.109705
0 0.724684 0.943038 0.107595 0.109705
0 0.608650 0.943038 0.107595 0.109705
0 0.388186 0.943038 0.105485 0.109705
0 0.280591 0.943038 0.105485 0.109705
0 0.166667 0.940928 0.105485 0.109705
0 0.054852 0.943038 0.105485 0.109705
1 0.941983 0.500000 0.103376 0.113924
1 0.387131 0.162447 0.103376 0.113924
1 0.501055 0.833333 0.103376 0.113924
2 0.721519 0.720464 0.109705 0.107595
2 0.497890 0.610759 0.109705 0.107595
3 0.609705 0.502110 0.113924 0.113924
3 0.940928 0.388186 0.113924 0.113924
3 0.168776 0.058017 0.109705 0.111814
4 0.387131 0.832278 0.111814 0.111814
4 0.056962 0.498945 0.109705 0.111814
5 0.058017 0.056962 0.107595 0.109705
5 0.608650 0.164557 0.107595 0.109705
5 0.939873 0.835443 0.107595 0.109705
6 0.830169 0.275316 0.107595 0.107595
6 0.058017 0.167722 0.107595 0.107595
6 0.496835 0.385021 0.107595 0.107595
6 0.167722 0.720464 0.107595 0.107595
6 0.939873 0.612869 0.107595 0.107595
7 0.275316 0.275316 0.107595 0.107595
7 0.387131 0.494726 0.107595 0.107595
7 0.498945 0.939873 0.107595 0.107595
7 0.830169 0.722574 0.107595 0.107595
8 0.162447 0.276371 0.113924 0.109705
8 0.611814 0.831224 0.113924 0.109705
8 0.936709 0.943038 0.113924 0.109705
8 0.495781 0.164557 0.113924 0.109705
9 0.502110 0.056962 0.113924 0.105485
9 0.058017 0.609705 0.111814 0.105485
9 0.829114 0.938819 0.113924 0.105485
7 0.054852 0.387131 0.105485 0.107595
